-62.4721238146166	-74.8189151138249
-10.5654788459389	-2.44331419564693
22.8451772752004	123.070007073910
-28.6001530340870	16.3457713195021
-2.01711377904669	-38.2065183233979
-31.1839843148657	-4.51033607228760
50.2880998377011	-140.138520375506
3.30741321501654	99.8656586142821
-31.8191498454256	85.8749138087963
4.02531053254611	-110.195899862021
-24.8116738511096	137.747831521129
7.54847767304249	-161.883618229073
-3.16411471675982	38.5665077652720
-30.3892621564608	65.4128918569150
34.7068019904068	-81.9359846513677
-22.5291066271170	6.76719573787472
-67.9164840509110	111.242074681100
13.4904103076313	-92.8958073719524
-42.0084471635159	-153.104834987803
-26.4945005038040	114.718425744690
-45.6815513041506	132.684141333301
-13.9004132455176	164.679420931903
-14.2684901677346	-108.363133470130
33.3521935876732	35.0197420381525
6.90818707254629	159.311052005717
-86.9265410191556	109.478880070136
-12.4428926450500	76.2586710065532
2.67255914218906	-120.666368186134
-76.5612021702364	134.304519806083
-63.0901330208231	-51.4663238952321
-52.7801284640772	85.8441952648302
16.1419880431394	-4.50620369200846
-2.88928154428081	-59.1128557636361
-24.0689021540486	167.736630672378
13.1334544221671	116.873922973908
39.8763435921723	13.1730075416481
32.2605958541799	-20.1085738492169
-65.9643467104771	137.914947383059
-29.5197810165475	148.177232561209
-57.8446445989628	69.4672251432267
48.2825379779870	147.300663291433
22.9982374050785	111.630458670630
42.3158489306993	-15.4025763496966
69.6496087653969	150.039092144175
22.3671922765925	100.230254394309
46.5804577446357	-62.8867068849202
-3.84634086628265	-10.5362265955706
26.1737631424077	-53.6749222965797
73.0904085881062	118.159324187805
45.0262297269184	-78.2308057527200
71.5404961087066	-175.464680386535
-33.4870871884791	-132.271418786261
60.4656720676072	-21.9333595388584
2.72049293938394	21.2645720759946
18.0698506524646	-163.083478548657
-10.9405607532618	154.264393438758
53.1960760767607	67.8813262864726
62.4924397828729	169.434330925744
16.3224030863526	-69.8278615623095
-20.7935937820113	-4.29102683043230
50.2248688386780	-123.653744173655
-42.6897787145492	179.412256026751
-41.6361828357569	-4.54833680879003
-14.1501654068808	-12.8177959484041
21.6261365297243	-23.6614635598518
21.9534144878595	-121.684474072047
20.7195327809548	-110.348165132340
76.3024877330646	-91.7510585154399
-34.1199612132539	-119.691230007279
12.7837708327117	95.2466077744743
14.9114127351372	36.5628543383849
79.6561940306149	12.5438481067483
4.50714924626405	75.9555819239333
-24.6446385869551	-125.563393594540
-42.7284806669242	-138.591730613276
23.6072651384457	30.1296106909715
-11.6483714824710	8.21143663715637
5.17955525058882	32.1318692108937
-17.4222264058110	145.741466779996
-22.4905879889692	35.5519655951998
-32.3373988413819	-107.394771597662
-58.1566256117527	9.03659172004896
6.06374401189533	-74.8576608606330
-4.95165496880422	28.3395150207918
-50.1141259100961	154.752168519562
6.42386426309378	43.0234758492432
-31.9355965609653	40.7637788592433
58.8498163081243	148.911025632540
-51.9076819727761	171.582682345068
-13.3625497708492	41.2037603087033
22.9562746216797	77.7841657232882
-24.9932734863386	103.277412997921
4.15747793026101	89.1613532813891
-52.2087446633739	-81.6688676422518
27.7183123612946	153.903181309412
14.8599004145321	-80.7838404231017
-47.4135152738590	71.8408202729466
5.49442372890065	-85.9792249437897
33.8979017206629	-7.80106995998684
-13.3301255174655	-154.626074944064
-31.6119670923744	53.1965457821835
46.7188779420090	-171.662053146228
-38.1774396024430	-96.8528479448804
-68.3436553865827	64.6676913390549
-3.25151631101775	-69.5898763772349
-17.3336779451638	-23.2992660806439
-52.1720345863819	-6.06009202532658
12.7162960416038	82.6290143056859
-50.1672051028936	-169.828413470251
3.91898333659502	-97.5216889386602
29.5041081679116	10.6274062874865
-3.58616935487583	161.965601094645
-44.1987381733895	-124.126688861002
-43.2831149050004	-55.7104143180875
-6.82283653149716	115.870422257251
-81.6480624499455	-95.7749321560141
5.91982462050680	65.2582809702046
-3.09803992662672	-48.6318214817210
-36.8390735813284	124.234213171106
-42.7103314870070	-109.689622698891
-63.3868476840483	-140.006929410194
-0.633912444292185	151.885511953132
15.3780908335212	-152.533941934918
-24.3060526123380	-138.237416299662
45.3414767145099	161.881072462619
-40.2459475707880	61.1816725195270
3.07390951609428	-131.062317740024
-22.9299866578828	92.0911073971357
80.2142333419878	155.866889382431
24.5330962326720	165.091878566225
19.0327554122306	8.07149703625846
48.7919638239818	-156.315067577733
-13.0807150811297	-73.9411040251365
-13.0935543318227	-52.3063392852535
-52.0600184587677	-64.6348942829212
63.3595668241217	-92.0184419395979
10.7107416510340	14.5710427350839
-12.0129579430695	-41.5480860501847
-68.7299391825808	35.3418324084860
-59.9410513668842	49.4771382300082
6.48100763572084	-53.3831894782418
8.35617245117569	-39.9266666585775
22.2785443786144	-99.2425157987405
69.3208801653940	17.7561070665696
-54.1680346173217	-129.781826988034
-51.6190491084522	-146.729809555642
-6.32674004190691	-126.276648334725
79.0927567131717	-142.397675941245
-32.1373750276329	-74.9435281353192
21.3472097442304	88.9329759648775
41.7202745904246	96.0130759116801
9.79368370328446	149.008980719092
-9.33247565927352	-176.167700585059
-36.7324191670657	110.925160527808
-35.5409104584859	137.457162614871
-13.1202617773702	52.1866707839335
42.2979755680126	-92.5359617752046
-21.8813683658789	-161.098145605207
-40.0881266728424	149.864872899949
55.3943745714101	-40.0231290564358
41.9546710464888	110.130438551251
-0.534679378435985	0.352092690334924
-20.0174470734715	-34.2233670489564
-40.6525468801862	33.2801951420071
-15.6314894139579	132.217217065893
52.6830705719944	132.408945594183
-16.4154039908724	121.229821419643
-58.9042189585894	-159.838097165158
12.3853874381200	-116.885358197260
-35.7379109964227	6.91793480353730
58.7221618077519	-150.998863994601
-23.5890304687668	-113.914396960262
-70.7104652446505	166.384409848951
-38.7535045838303	19.6337758242749
0.350490964145998	10.9245771510879
32.0009486349429	22.5478998792935
-61.5151043530889	179.707795244924
-37.2121963926604	74.9638631937940
-25.7786675331966	179.589733161717
15.0726036156259	59.6157913118538
-22.5883433079712	46.9502095694943
-15.6751831418708	-131.627328842593
-55.6379602890194	102.974637200658
-57.1636710504322	121.566487791402
59.3141470904042	84.1276843326110
34.9416243287853	163.702168926364
-30.7852846213182	28.2495608379167
63.5585319158346	63.7024122739790
-30.1998809922861	-37.8757574202603
-31.7433737243462	-50.1455929803231
21.9349189701578	134.517893904752
-73.2699855136104	-128.794198007218
31.2433096695422	92.7593303765673
6.23184540548522	-7.75365594597674
-41.1276499116144	47.3269456349870
-70.2114321595463	-94.7648216303628
40.2107464396746	137.808074320615
-32.8628926450950	-62.5228409323515
-48.6533796706755	-97.0777450942753
-38.0341644668709	-28.8835118454634
62.4721238146166	105.181084886175
10.5654788459389	177.556685804353
-22.8451772752004	-56.9299929260905
28.6001530340870	-163.654228680498
2.01711377904669	141.793481676602
31.1839843148657	175.489663927712
-50.2880998377011	39.8614796244936
-3.30741321501654	-80.1343413857180
31.8191498454256	-94.1250861912037
-4.02531053254611	69.8041001379794
24.8116738511096	-42.2521684788711
-7.54847767304249	18.1163817709271
3.16411471675982	-141.433492234728
30.3892621564608	-114.587108143085
-34.7068019904068	98.0640153486323
22.5291066271170	-173.232804262125
67.9164840509110	-68.7579253189005
-13.4904103076313	87.1041926280477
42.0084471635159	26.8951650121969
26.4945005038040	-65.2815742553097
45.6815513041506	-47.3158586666990
13.9004132455176	-15.3205790680971
14.2684901677346	71.6368665298701
-33.3521935876732	-144.980257961847
-6.90818707254629	-20.6889479942828
86.9265410191556	-70.5211199298640
12.4428926450500	-103.741328993447
-2.67255914218906	59.3336318138656
76.5612021702364	-45.6954801939171
63.0901330208231	128.533676104768
52.7801284640772	-94.1558047351698
-16.1419880431394	175.493796307992
2.88928154428081	120.887144236364
24.0689021540486	-12.2633693276224
-13.1334544221671	-63.1260770260923
-39.8763435921723	-166.826992458352
-32.2605958541799	159.891426150783
65.9643467104771	-42.0850526169408
29.5197810165475	-31.8227674387905
57.8446445989628	-110.532774856773
-48.2825379779870	-32.6993367085669
-22.9982374050785	-68.3695413293705
-42.3158489306993	164.597423650303
-69.6496087653969	-29.9609078558254
-22.3671922765925	-79.7697456056914
-46.5804577446357	117.113293115080
3.84634086628265	169.463773404429
-26.1737631424077	126.325077703420
-73.0904085881062	-61.8406758121951
-45.0262297269184	101.769194247280
-71.5404961087066	4.53531961346488
33.4870871884791	47.7285812137389
-60.4656720676072	158.066640461142
-2.72049293938394	-158.735427924005
-18.0698506524646	16.9165214513426
10.9405607532618	-25.7356065612416
-53.1960760767607	-112.118673713527
-62.4924397828729	-10.5656690742556
-16.3224030863526	110.172138437690
20.7935937820113	175.708973169568
-50.2248688386780	56.3462558263450
42.6897787145492	-0.587743973248638
41.6361828357569	175.451663191210
14.1501654068808	167.182204051596
-21.6261365297243	156.338536440148
-21.9534144878595	58.3155259279533
-20.7195327809548	69.6518348676596
-76.3024877330646	88.2489414845602
34.1199612132539	60.3087699927209
-12.7837708327117	-84.7533922255257
-14.9114127351372	-143.437145661615
-79.6561940306149	-167.456151893252
-4.50714924626405	-104.044418076067
24.6446385869551	54.4366064054597
42.7284806669242	41.4082693867244
-23.6072651384457	-149.870389309028
11.6483714824710	-171.788563362844
-5.17955525058882	-147.868130789106
17.4222264058110	-34.2585332200037
22.4905879889692	-144.448034404800
32.3373988413819	72.6052284023381
58.1566256117527	-170.963408279951
-6.06374401189533	105.142339139367
4.95165496880422	-151.660484979208
50.1141259100961	-25.2478314804385
-6.42386426309378	-136.976524150757
31.9355965609653	-139.236221140757
-58.8498163081243	-31.0889743674599
51.9076819727761	-8.41731765493205
13.3625497708492	-138.796239691297
-22.9562746216797	-102.215834276712
24.9932734863386	-76.7225870020785
-4.15747793026101	-90.8386467186109
52.2087446633739	98.3311323577482
-27.7183123612946	-26.0968186905877
-14.8599004145321	99.2161595768983
47.4135152738590	-108.159179727053
-5.49442372890065	94.0207750562103
-33.8979017206629	172.198930040013
13.3301255174655	25.3739250559361
31.6119670923744	-126.803454217817
-46.7188779420090	8.33794685377182
38.1774396024430	83.1471520551196
68.3436553865827	-115.332308660945
3.25151631101775	110.410123622765
17.3336779451638	156.700733919356
52.1720345863819	173.939907974673
-12.7162960416038	-97.3709856943141
50.1672051028936	10.1715865297492
-3.91898333659502	82.4783110613398
-29.5041081679116	-169.372593712514
3.58616935487583	-18.0343989053552
44.1987381733895	55.8733111389983
43.2831149050004	124.289585681913
6.82283653149716	-64.1295777427490
81.6480624499455	84.2250678439859
-5.91982462050680	-114.741719029795
3.09803992662672	131.368178518279
36.8390735813284	-55.7657868288944
42.7103314870070	70.3103773011088
63.3868476840483	39.9930705898056
0.633912444292185	-28.1144880468678
-15.3780908335212	27.4660580650824
24.3060526123380	41.7625837003379
-45.3414767145099	-18.1189275373808
40.2459475707880	-118.818327480473
-3.07390951609428	48.9376822599764
22.9299866578828	-87.9088926028643
-80.2142333419878	-24.1331106175695
-24.5330962326720	-14.9081214337748
-19.0327554122306	-171.928502963742
-48.7919638239818	23.6849324222666
13.0807150811297	106.058895974863
13.0935543318227	127.693660714746
52.0600184587677	115.365105717079
-63.3595668241217	87.9815580604021
-10.7107416510340	-165.428957264916
12.0129579430695	138.451913949815
68.7299391825808	-144.658167591514
59.9410513668842	-130.522861769992
-6.48100763572084	126.616810521758
-8.35617245117569	140.073333341423
-22.2785443786144	80.7574842012595
-69.3208801653940	-162.243892933430
54.1680346173217	50.2181730119657
51.6190491084522	33.2701904443581
6.32674004190691	53.7233516652749
-79.0927567131717	37.6023240587546
32.1373750276329	105.056471864681
-21.3472097442304	-91.0670240351226
-41.7202745904246	-83.9869240883199
-9.79368370328446	-30.9910192809082
9.33247565927352	3.83229941494059
36.7324191670657	-69.0748394721923
35.5409104584859	-42.5428373851291
13.1202617773702	-127.813329216067
-42.2979755680126	87.4640382247954
21.8813683658789	18.9018543947934
40.0881266728424	-30.1351271000506
-55.3943745714101	139.976870943564
-41.9546710464888	-69.8695614487486
0.534679378435985	-179.647907309665
20.0174470734715	145.776632951044
40.6525468801862	-146.719804857993
15.6314894139579	-47.7827829341068
-52.6830705719944	-47.5910544058171
16.4154039908724	-58.7701785803570
58.9042189585894	20.1619028348422
-12.3853874381200	63.1146418027398
35.7379109964227	-173.082065196463
-58.7221618077519	29.0011360053995
23.5890304687668	66.0856030397379
70.7104652446505	-13.6155901510486
38.7535045838303	-160.366224175725
-0.350490964145998	-169.075422848912
-32.0009486349429	-157.452100120707
61.5151043530889	-0.292204755075694
37.2121963926604	-105.036136806206
25.7786675331966	-0.410266838282907
-15.0726036156259	-120.384208688146
22.5883433079712	-133.049790430506
15.6751831418708	48.3726711574070
55.6379602890194	-77.0253627993417
57.1636710504322	-58.4335122085981
-59.3141470904042	-95.8723156673890
-34.9416243287853	-16.2978310736359
30.7852846213182	-151.750439162083
-63.5585319158346	-116.297587726021
30.1998809922861	142.124242579740
31.7433737243462	129.854407019677
-21.9349189701578	-45.4821060952478
73.2699855136104	51.2058019927816
-31.2433096695422	-87.2406696234328
-6.23184540548522	172.246344054023
41.1276499116144	-132.673054365013
70.2114321595463	85.2351783696372
-40.2107464396746	-42.1919256793851
32.8628926450950	117.477159067649
48.6533796706755	82.9222549057247
38.0341644668709	151.116488154537
